[app/ui]
version = 8.1.3
modtime = 1618817937.280984000

[app/launcher]
version = 8.1.3
modtime = 1618817937.281722000

[app/install/install_source_checksum]
version = 8.1.3
modtime = 1618900355.482117000

[views/waf_summary]
owner = admin
version = 8.1.3
modtime = 1618900924.405872000
